xof 0303txt 0032

LevelProperties {
	1;
}
Frame PEObject6_Tstreetlight {
	MetaScript {
		"TESTING.x_PEObject6_Tstree.lua"
	}
	PEUUID {
		0x0f715440, 0x137d11e0, 0x9f3a0025, 0xd3ac504f
	}
	FrameTransformMatrix {
		1.000000,0.000000,-0.000000,0.000000,0.000000,1.000000,-0.000000,0.000000,-0.000000,-0.000000,1.000000,0.000000,966.901092,0.000000,-96.658013,1.000000;;
	}
}
Frame PEObject8_TspotRep {
	MetaScript {
		"TESTING.x_PEObject8_TspotR.lua"
	}
	PEUUID {
		0x124cf5c0, 0x13a511e0, 0xa20c0025, 0xd3ac504f
	}
	FrameTransformMatrix {
		1.000000,0.000000,0.000000,0.000000,-0.000000,0.004632,0.999989,0.000000,-0.000000,-0.999989,0.004632,0.000000,967.250827,298.425626,-97.932148,1.000000;;
	}
}
Frame PEObject11_polySurface1 {
	MetaScript {
		"TESTING.x_PEObject11_polyS.lua"
	}
	PEUUID {
		0x460ec6d1, 0x146911e0, 0x86d30025, 0xd3ac504f
	}
	FrameTransformMatrix {
		0.505334,-0.824007,0.256223,0.000000,-0.453042,-0.000628,0.891489,0.000000,-0.734432,-0.566580,-0.373627,0.000000,188.463853,415.850019,31.255456,1.000000;;
	}
}
Frame PEObject12_pPlane1 {
	MetaScript {
		"TESTING.x_PEObject12_pPlan.lua"
	}
	PEUUID {
		0x81a8b1c0, 0x1c5111e0, 0xa309001b, 0x213b583a
	}
	FrameTransformMatrix {
		1.000000,0.000000,-0.000000,0.000000,0.000000,1.000000,-0.000000,0.000000,-0.000000,-0.000000,1.000000,0.000000,-8.352086,0.000000,-3.623147,1.000000;;
	}
}
Frame PEObject15_tArrow {
	MetaScript {
		"TESTING.x_PEObject15_tArro.lua"
	}
	PEUUID {
		0x7077e0cf, 0x1c5411e0, 0xb14b001b, 0x213b583a
	}
	FrameTransformMatrix {
		0.000000,0.000000,1.000000,0.000000,0.000000,1.000000,-0.000000,0.000000,-1.000000,-0.000000,0.000000,0.000000,397.983676,1.000000,10.441359,1.000000;;
	}
}
Frame PEObject16_tArrow {
	MetaScript {
		"TESTING.x_PEObject16_tArro.lua"
	}
	PEUUID {
		0x76f9d530, 0x1c5411e0, 0xbea5001b, 0x213b583a
	}
	FrameTransformMatrix {
		0.000000,0.000000,1.000000,0.000000,0.000000,1.000000,-0.000000,0.000000,-1.000000,-0.000000,0.000000,0.000000,-301.321778,1.000000,3.816776,1.000000;;
	}
}
Frame PEObject17_pCar {
	MetaScript {
		"TESTING.x_PEObject17_pCar.lua"
	}
	PEUUID {
		0xb2cfd370, 0x1c5411e0, 0x9f4e001b, 0x213b583a
	}
	FrameTransformMatrix {
		0.000000,0.000000,1.000000,0.000000,0.000000,1.000000,-0.000000,0.000000,-1.000000,-0.000000,0.000000,0.000000,-22.080750,0.000000,-214.390665,1.000000;;
	}
}
Frame PEObject19_tArrow {
	MetaScript {
		"TESTING.x_PEObject19_tArro.lua"
	}
	PEUUID {
		0xe01bbe1e, 0x1c5411e0, 0xa2f0001b, 0x213b583a
	}
	FrameTransformMatrix {
		0.000000,0.000000,1.000000,0.000000,0.000000,1.000000,-0.000000,0.000000,-1.000000,-0.000000,0.000000,0.000000,-1128.047110,1.000000,-23.116963,1.000000;;
	}
}
Frame PEObject20_tArrow {
	MetaScript {
		"TESTING.x_PEObject20_tArro.lua"
	}
	PEUUID {
		0xec53cb5e, 0x1c5411e0, 0x955f001b, 0x213b583a
	}
	FrameTransformMatrix {
		-0.936854,-0.000000,0.349722,0.000000,0.000000,1.000000,0.000000,0.000000,-0.349722,-0.000000,-0.936854,0.000000,606.233156,1.000000,796.097459,1.000000;;
	}
}
Frame PEObject23_transf {
	MetaScript {
		"TESTING.x_PEObject23_trans.lua"
	}
	PEUUID {
		0x04ac8821, 0x1c6711e0, 0x85c7001b, 0x213b583a
	}
	FrameTransformMatrix {
		-0.997540,0.000000,0.070103,0.000000,0.000000,1.000000,-0.000000,0.000000,-0.070103,-0.000000,-0.997540,0.000000,1319.237512,-52.751161,555.757428,1.000000;;
	}
}
Frame PEObject24_pPlane1 {
	MetaScript {
		"TESTING.x_PEObject24_pPlan.lua"
	}
	PEUUID {
		0x60b0498f, 0x1c6711e0, 0xb81d001b, 0x213b583a
	}
	FrameTransformMatrix {
		1.000000,0.000000,-0.000000,0.000000,0.000000,1.000000,-0.000000,0.000000,-0.000000,-0.000000,1.000000,0.000000,-8.000000,0.000000,2495.000000,1.000000;;
	}
}
Frame PEObject25_transf {
	MetaScript {
		"TESTING.x_PEObject25_trans.lua"
	}
	PEUUID {
		0xb168598f, 0x1c6711e0, 0xbf10001b, 0x213b583a
	}
	FrameTransformMatrix {
		-0.768489,0.000000,0.639863,0.000000,0.000000,1.000000,-0.000000,0.000000,-0.639863,-0.000000,-0.768489,0.000000,844.472793,-52.751000,-718.842207,1.000000;;
	}
}
Frame PEObject26_transf {
	MetaScript {
		"TESTING.x_PEObject26_trans.lua"
	}
	PEUUID {
		0xd0eae8a1, 0x1c6711e0, 0xad47001b, 0x213b583a
	}
	FrameTransformMatrix {
		0.000000,0.000000,1.000000,0.000000,0.000000,1.000000,-0.000000,0.000000,-1.000000,-0.000000,0.000000,0.000000,-359.967507,-52.751000,-1294.534906,1.000000;;
	}
}
Frame PEObject27_transf {
	MetaScript {
		"TESTING.x_PEObject27_trans.lua"
	}
	PEUUID {
		0xfe55f40f, 0x1c6711e0, 0xb94a001b, 0x213b583a
	}
	FrameTransformMatrix {
		0.000000,0.000000,1.000000,0.000000,0.000000,1.000000,-0.000000,0.000000,-1.000000,-0.000000,0.000000,0.000000,-1747.108453,-52.751000,-1302.801904,1.000000;;
	}
}
Frame PEObject28_pPlane1 {
	MetaScript {
		"TESTING.x_PEObject28_pPlan.lua"
	}
	PEUUID {
		0x102ebd70, 0x1c6811e0, 0x8cad001b, 0x213b583a
	}
	FrameTransformMatrix {
		1.000000,0.000000,-0.000000,0.000000,0.000000,1.000000,-0.000000,0.000000,-0.000000,-0.000000,1.000000,0.000000,-2500.000000,0.000000,-4.034357,1.000000;;
	}
}
Frame PEObject29_transf {
	MetaScript {
		"TESTING.x_PEObject29_trans.lua"
	}
	PEUUID {
		0x5a5468e1, 0x1c6911e0, 0xad4f001b, 0x213b583a
	}
	FrameTransformMatrix {
		0.689247,0.000000,0.724527,0.000000,0.000000,1.000000,-0.000000,0.000000,-0.724527,-0.000000,0.689247,0.000000,-3055.430981,-52.751000,-837.166170,1.000000;;
	}
}
Frame PEObject30_pPlane1 {
	MetaScript {
		"TESTING.x_PEObject30_pPlan.lua"
	}
	PEUUID {
		0x74f1004f, 0x1c6911e0, 0x9875001b, 0x213b583a
	}
	FrameTransformMatrix {
		1.000000,0.000000,-0.000000,0.000000,0.000000,1.000000,-0.000000,0.000000,-0.000000,-0.000000,1.000000,0.000000,-2494.295318,0.000000,2488.272400,1.000000;;
	}
}
Frame PEObject31_transf {
	MetaScript {
		"TESTING.x_PEObject31_trans.lua"
	}
	PEUUID {
		0x7fbd6fa1, 0x1c6911e0, 0x8370001b, 0x213b583a
	}
	FrameTransformMatrix {
		1.000000,0.000000,-0.000000,0.000000,0.000000,1.000000,-0.000000,0.000000,-0.000000,-0.000000,1.000000,0.000000,-3643.940883,-52.751000,391.116815,1.000000;;
	}
}
Frame PEObject32_TImrod {
	MetaScript {
		"TESTING.x_PEObject32_TImro.lua"
	}
	PEUUID {
		0xaad933de, 0x1c6911e0, 0xad11001b, 0x213b583a
	}
	FrameTransformMatrix {
		-0.993860,-0.000000,0.110643,0.000000,0.000000,1.000000,0.000000,0.000000,-0.110643,-0.000000,-0.993860,0.000000,-1164.546874,1350.780340,-1167.860463,1.000000;;
	}
}
Frame PEObject33_Tstreetlight {
	MetaScript {
		"TESTING.x_PEObject33_Tstre.lua"
	}
	PEUUID {
		0x42883a0f, 0x1c6a11e0, 0x97b5001b, 0x213b583a
	}
	FrameTransformMatrix {
		1.000000,0.000000,-0.000000,0.000000,0.000000,1.000000,-0.000000,0.000000,-0.000000,-0.000000,1.000000,0.000000,105.408753,0.000000,471.322242,1.000000;;
	}
}
Frame PEObject42_TspotRep {
	MetaScript {
		"TESTING.x_PEObject42_Tspot.lua"
	}
	PEUUID {
		0x4434ae2e, 0x467411e2, 0x98f20025, 0xd3ac504f
	}
	FrameTransformMatrix {
		1.000000,0.000000,0.000000,0.000000,-0.000000,0.000000,1.000000,0.000000,-0.000000,-1.000000,0.000000,0.000000,104.671377,249.971079,471.892080,1.000000;;
	}
}
Frame PEObject54_Vampire {
	MetaScript {
		"TESTING.x_PEObject54_Vampi.lua"
	}
	PEUUID {
		0x10a7dc40, 0x99c811ef, 0xba08581c, 0xf801aada
	}
	FrameTransformMatrix {
		1.500000,0.000000,-0.000000,0.000000,0.000000,1.500000,-0.000000,0.000000,-0.000000,-0.000000,1.500000,0.000000,978.108976,0.000000,134.377729,1.000000;;
	}
}
Frame PEObject56_tArrow {
	MetaScript {
		"TESTING.x_PEObject56_tArro.lua"
	}
	PEUUID {
		0x9bc4ae1e, 0x9b0311ef, 0xa7a32c16, 0xdba8f4b1
	}
	FrameTransformMatrix {
		0.000000,0.000000,-1.000000,0.000000,-0.000000,1.000000,-0.000000,0.000000,1.000000,0.000000,0.000000,0.000000,-1045.949859,1.000000,868.625954,1.000000;;
	}
}
Frame PEObject58_pCar {
	MetaScript {
		"TESTING.x_PEObject58_pCar.lua"
	}
	PEUUID {
		0xca4b2630, 0xae3f11ef, 0xb200e00a, 0xf638768c
	}
	FrameTransformMatrix {
		0.000000,0.000000,1.000000,0.000000,0.000000,1.000000,-0.000000,0.000000,-1.000000,-0.000000,0.000000,0.000000,-822.041643,0.000000,220.098789,1.000000;;
	}
}
Frame PEObject60_pCar {
	MetaScript {
		"TESTING.x_PEObject60_pCar.lua"
	}
	PEUUID {
		0x8aeafa51, 0xae4011ef, 0x8cede00a, 0xf638768c
	}
	FrameTransformMatrix {
		1.000000,0.000000,-0.000000,0.000000,0.000000,1.000000,-0.000000,0.000000,-0.000000,-0.000000,1.000000,0.000000,-732.408360,0.000000,856.368466,1.000000;;
	}
}
Frame PEObject61_pCar {
	MetaScript {
		"TESTING.x_PEObject61_pCar.lua"
	}
	PEUUID {
		0xb63a038f, 0xae4011ef, 0xb892e00a, 0xf638768c
	}
	FrameTransformMatrix {
		1.000000,0.000000,-0.000000,0.000000,0.000000,1.000000,-0.000000,0.000000,-0.000000,-0.000000,1.000000,0.000000,159.879376,0.000000,806.644411,1.000000;;
	}
}
